Load ResponseTime
500 0.616875
1000 0.737139
1500 0.862026
2000 0.853537
2500 1.043302
3000 0.757625
3500 1.448798
4000 0.895398
4500 1.304690
5000 1.288538
5500 1.046219
6000 1.085465
6500 0.777827
7000 0.400311
7500 0.406950
8000 0.304926
8500 0.239599
9000 0.524036
9500 1.124489
10000 0.402158
10500 2.061915
11000 2.815535
11500 2.322243
12000 6.031750
12500 11.273451
13000 31.806631
13500 36.263306
14000 64.822357
14250 52.739655
14500 46.418922
14750 53.486217
15000 64.951164
15250 70.858719
15500 77.840752
15750 67.214073
16000 86.073654
16250 96.870209
16500 86.955185
16750 110.726334
17000 113.515144
17250 119.261497
17500 134.706085
17750 137.374863
18000 134.639450
