Year	Units	Revenues in millions
1973	228	190
1974	204	194
1975	164	211.5
1976	190	245.1
1977	190	245.1
1978	190	260.3
1979	212	353.6
1980	157	250
1981	154.7	256.4
1982	137.2	283
1983	124.8	269.3
1984	131.5	298.7
1985	120.7	281
1986	93.9	228.1
1987	82	203.3
1988	65.6	180.4
1989	36.6	116.4
1990	27.6	94.4
1991	22	63.9
1992	19.8	66.4
1993	15.1	51.2
1994	11.7	47.2
1995	10.2	46.7
1996	10.1	47.5
1997	7.5	35.6
1998	5.4	25.7
1999	5.3	27.9
2000	4.8	26.3
2001	5.5	31.4
2002	4.4	24.9
2003	3.8	21.5
2004	3.5	19.9
2005	2.3	13.2
2006	1.5	9.9
2007	0.6	4
2008	0.4	2.9
2009	0.3	2.5
2010	0.3	2.3
2011	0.4	4.6
2012	0.388573687	4.743055893
2013	0.315817054	2.978937179
2014	0.481198278	5.49935429
2015	0.50786991	5.752954082
2016	0.404330651	4.880679689
2017	0.402959365	6.07838535
2018	0.346165002	5.290337079
2019	0.336120488	6.795945687
