Year	Units	Revenues in millions
1973	91	489
1974	96.7	549.2
1975	94.6	583
1976	106.1	678.2
1977	127.3	811
1978	133.6	948
1979	102.3	684.3
1980	85	527
1981	50	313
1982	13.7	36
1973	15	76
1974	15.3	87.2
1975	16.2	98.8
1976	21.8	145.7
1977	36.9	249.6
1978	61.3	449.8
1979	78.5	580.6
1980	99	705
1981	124	1062.8
1982	183.2	1384.5
1983	236.8	1810.9
1984	332	2383.9
1985	339.1	2411.5
1986	344.5	2499.5
1987	410	2959.7
1988	450.1	3385.1
1989	446.2	3345.8
1990	442.2	3472.4
1991	360.1	3019.6
1992	366.4	3116.3
1993	339.5	2915.8
1994	345.4	2976.4
1995	272.6	2303.6
1996	225.3	1905.3
1997	172.6	1522.7
1998	158.5	1419.9
1999	123.6	1061.6
2000	76	626
2001	45	363.4
2002	31.1	209.8
2003	17.2	108.1
2004	5.2	23.7
2005	2.5	13.1
2006	0.7	3.7
2007	0.4	3
2008	0.1	0.9
1987	5.1	14.3
1988	22.5	57.3
1989	76.2	194.6
1990	87.4	257.9
1991	69	230.4
1992	84.6	298.8
1993	85.6	298.5
1994	81.1	274.9
1995	70.7	236.3
1996	59.9	189.3
1997	42.2	133.5
1998	26.4	94.4
1999	14.2	48
2000	1.3	4.6
1983	0.8	17.2
1984	5.8	103.3
1985	22.6	389.5
1986	53	930.1
1987	102.1	1593.6
1988	149.7	2089.9
1989	207.2	2587.7
1990	286.5	3451.6
1991	333.3	4337.7
1992	407.5	5326.5
1993	495.4	6511.4
1994	662.1	8464.5
1995	722.9	9377.4
1996	778.9	9934.7
1997	753.1	9915.1
1998	847	11416
1999	938.9	12816.3
2000	942.5	13214.5
2001	881.9	12909.4
2002	803.3	12044.1
2003	746	11232.9
2004	767	11446.5
2005	705.4	10520.2
2006	619.7	9372.6
2007	499.7	7452.3
2008	368.4	5471.3
2009	296.6	4318.8
2010	253	3389.4
2011	240.8	3100.7
2012	198.1643872	2485.614699
2013	173.7933029	2140.917718
2014	138.7023634	1776.249324
2015	117.1440518	1444.993194
2016	97.5770712	1130.764651
2017	87.68249997	1057.32309
2018	51.95427564	698.3866372
2019	46.50649558	614.5097799
1988	1.6	9.8
1990	1.1	6
1991	5.7	35.1
1992	7.3	45.1
1993	7.8	45.8
1994	9.3	56.1
1995	21.5	110.9
1996	43.2	184.1
1997	66.7	272.7
1998	56	213.2
1999	55.9	222.4
2000	34.2	142.7
2001	17.3	79.4
2002	4.5	19.6
2003	8.3	36
2004	3.1	15
2005	2.8	10.9
2006	1.7	7.7
2007	2.6	12.2
2008	0.7	3.5
2009	0.9	3.1
2010	1	2.9
2011	1.3	3.5
2012	1.072870407	3.225092945
2013	0.628895398	2.445737226
2014	0.928725116	3.616015547
2015	0.386721563	1.19694661
2016	0.121745255	0.263199082
2017	0.13261663	1.478694184
2018	0.020854078	0.15516984
2019	0.026257455	0.181678878
2004	4.6	45.5
2005	13.6	135.7
2006	27.6	275.9
2007	49.8	497.4
2008	63.6	635.3
2009	74.5	744.3
2010	85.8	872.4
2011	103.9	1070.8
2012	116.7336318	1204.822243
2013	117.979213	1232.139716
2014	114.2304708	1117.900009
2015	106.7838841	1064.433607
2016	85.12334989	868.5942684
2017	66.38610376	668.5007059
2018	49.73492454	499.6508324
2019	40.20271234	394.5330062
2005	1.9	3.7
2006	9.9	19.7
2007	14.2	28.2
2008	20.8	41.3
2009	20.5	40.9
2010	18.4	36.6
2011	16.3	32.4
2012	10.473489	20.842242
2013	8.412464	16.740803
2014	6.82264392	13.577058
2015	3.223325002	6.414419
2016	2.145427196	4.26940012
2017	1.399889693	2.785780489
2018	1.115985226	2.2208106
2019	0.93412583	1.858910402
2004	139.4	138
2005	366.9	363.3
2006	586.4	580.6
2007	819.4	811
2008	1042.7	1032.2
2009	1124.4	1172
2010	1177.4	1336.4
2011	1332.3	1522.4
2012	1402.739373	1644.570645
2013	1332.795366	1573.420534
2014	1154.379327	1355.331251
2015	986.2550359	1185.237595
2016	743.0034138	900.1814811
2017	553.5161518	678.5248883
2018	399.7738523	490.4304887
2019	335.3391935	414.804251
2001	0.263	6
2002	0.43	8.5
2003	0.4	8
2004	0.3	6.5
2005	0.5	11.2
2006	0.1	2.4
2007	0.2	2.8
2008	0.04	1.2
2009	0.1	1.6
2010	0.04	0.9
2011	0.01	0.3
2012	0.008533145	0.183106992
2014	0.066542722	2.139460944
2015	0.179506738	5.416232673
2016	0.085898932	2.83553587
2017	0.061332251	2.606840648
2018	0.092803246	3.317383752
2019	0.027982262	1.067303184
2005	0.7	1
2006	1.4	1.9
2007	1.8	2.6
2008	1.6	2.6
2009	1.7	6.3
2010	1.7	6.4
2011	1.3	2.7
2012	1.95507	3.654065
2013	3.7442	6.183604
2014	1.592073358	2.582636
2015	2.202659889	3.700455
2016	1.74878121	2.943916801
2017	1.322377717	2.25474315
2018	1.097856529	1.965045799
2019	0.899703865	1.586470587
2016		263.3636852
2017		591.6010975
2018		747.0549062
2019		829.4987397
1973	280	1246
1974	276	1356
1975	257	1485
1976	273	1663
1977	344	2195.1
1978	341.3	2473.3
1979	290	2057
1980	308	2200
1981	295.2	2341.7
1982	243.9	1925.1
1983	209.6	1689
1984	204.6	1548.8
1985	167	1280.5
1986	125.2	983
1987	107	793.1
1988	72.4	532.2
1989	34.6	220.3
1990	11.7	86.5
1991	4.8	29.4
1992	2.3	13.5
1993	1.2	10.6
1994	1.9	17.8
1995	2.2	25.1
1996	2.9	36.8
1997	2.7	33.3
1998	3.4	34
1999	2.9	31.8
2000	2.2	27.7
2001	2.3	27.4
2002	1.743	20.5
2003	1.5	21.7
2004	1.4	19.3
2005	1	14.2
2006	0.9	15.7
2007	1.3	22.9
2008	2.9	56.7
2009	3.5	63.8
2010	4.2	88.9
2011	5.5	119.4
2012	6.915365189	160.7230583
2013	9.35128587	210.739051
2014	10.31556391	243.8468483
2015	13.68102972	333.3797931
2016	14.77088603	355.430891
2017	15.55608917	388.5111082
2018	16.67012733	419.223947
2019	19.10316283	497.5889208
1989	6.1	115.4
1990	9.2	172.3
1991	6.1	118.1
1992	7.6	157.4
1993	11	213.3
1994	11.2	231.1
1995	12.6	220.3
1996	16.9	236.1
1997	18.6	323.9
1998	27.2	508
1999	19.8	376.7
2000	18.2	281.9
2001	17.7	329.2
2002	14.7	288.4
2003	19.9	399.9
2004	32.8	607.2
2005	33.8	602.2
2006	23.2	451.1
2007	27.5	484.9
2008	13.2	227.3
2009	11.6	209.6
2010	9.1	177.6
2011	7.7	151
2012	6.032725467	116.6136546
2013	4.814626524	106.2831378
2014	4.065323601	89.70557988
2015	3.133228006	70.43436396
2016	2.495531725	56.92290281
2017	1.87712837	38.619447
2018	1.395058021	27.5612603
2019	1.32294236	27.70524678
2011		113.8
2012		170.9354084
2013		220.8735445
2014		283.7934094
2015		371.9903964
2016		489.3776076
2017		658.6064926
2018		759.5323682
2019		908.1493305
2016		81.26086562
2017		261.786859
2018		251.4119188
2019		251.0647101
2016		17.14166287
2017		16.88510987
2018		19.83957487
2019		21.51717501
1973	2.2	15.6
1974	1.9	13.3
1975	1.5	10.2
1976	0.7	5.1
2005		149.2
2006		206.2
2007		234
2008		221.4
2009		206.2
2010		212.4
2011		247.8
2012		399.8825311
2013		643.3242888
2014		770.2705591
2015		1156.708514
2016		2244.154254
2017		3500.549813
2018		4655.968522
2019		5934.397625
2005	170	421.6
2006	315	773.8
2007	433.8	1055.8
2008	405.1	977.1
2009	294.3	702.8
2010	188.5	448
2011	115.4	276.2
2012	58.75740356	145.9929351
2013	39.36623578	97.99961233
2014	26.63232368	66.31137067
2015	21.92486605	54.58202422
2016	22.62078539	56.32529913
2017	14.26286994	35.51373565
2018	10.02628673	24.9578598
2019	8.605769716	21.4267369
2003	1.3	26.3
2004	0.8	16.6
2005	0.5	10
2006	0.3	5.5
2007	0.2	3.6
2008	0.1	3.1
2009	0.1	2.4
2010	0.1	1.7
2011	0.1	1.5
2012	0.065446	1.3425
2013	0.044683	0.9783826
2014	0.030486	0.76344539
2015	0.041633	1.04346656
2016	0.045272	1.20686148
2017	0.032749	0.85057856
2018	0.032804	0.85969971
2019	0.017654	0.433302292
2004		6.9
2005		20.4
2006		32.8
2007		36.2
2008		100
2009		155.5
2010		249.2
2011		292
2012		462
2013		590.4
2014		773.4
2015		802.6
2016		883.9
2017		652
2018		952.8
2019		908.2
2009		201.2
2010		188.7
2011		196.5
2012		190.597753
2013		189.679434
2014		189.713099
2015		202.934888
2016		214.8389765
2017		232.0865229
2018		285.5134913
2019		276.2623602
1973	228	190
1974	204	194
1975	164	211.5
1976	190	245.1
1977	190	245.1
1978	190	260.3
1979	212	353.6
1980	157	250
1981	154.7	256.4
1982	137.2	283
1983	124.8	269.3
1984	131.5	298.7
1985	120.7	281
1986	93.9	228.1
1987	82	203.3
1988	65.6	180.4
1989	36.6	116.4
1990	27.6	94.4
1991	22	63.9
1992	19.8	66.4
1993	15.1	51.2
1994	11.7	47.2
1995	10.2	46.7
1996	10.1	47.5
1997	7.5	35.6
1998	5.4	25.7
1999	5.3	27.9
2000	4.8	26.3
2001	5.5	31.4
2002	4.4	24.9
2003	3.8	21.5
2004	3.5	19.9
2005	2.3	13.2
2006	1.5	9.9
2007	0.6	4
2008	0.4	2.9
2009	0.3	2.5
2010	0.3	2.3
2011	0.4	4.6
2012	0.388573687	4.743055893
2013	0.315817054	2.978937179
2014	0.481198278	5.49935429
2015	0.50786991	5.752954082
2016	0.404330651	4.880679689
2017	0.402959365	6.07838535
2018	0.346165002	5.290337079
2019	0.336120488	6.795945687
